100 100
1.9287498479639178e-22 5.190718079378904e-22 1.3692825997566993e-21 3.5405672445239965e-21 8.973600175219288e-21 2.229331712088314e-20 5.428711754667078e-20 1.2957851007869636e-19 3.031679531828827e-19 6.952607484818381e-19 1.5628821893349888e-18 3.4436490306397653e-18 7.437476966254923e-18 1.5745138861118057e-17 3.26724323158422e-17 6.64554417291507e-17 1.32493246443938e-16 2.58923246932959e-16 4.959780510809293e-16 9.31253635792466e-16 1.713908431542013e-15 3.091870955554513e-15 5.467253537991947e-15 9.476133694170775e-15 1.609930969381555e-14 2.6810038677818034e-14 4.376246099143337e-14 7.00196834671948e-14 1.0981272280576603e-13 1.6881043431448575e-13 2.543665647376923e-13 3.7569453072347756e-13 5.439059766680729e-13 7.718393209755818e-13 1.0736038957721622e-12 1.463778514125909e-12 1.9562338426589448e-12 2.5625967912045136e-12 3.2904394126290445e-12 4.141347077407262e-12 5.109089028063325e-12 6.178163851580661e-12 7.32300758553066e-12 8.508120972628504e-12 9.689289652388818e-12 1.0815941557285693e-11 1.1834525106040489e-11 1.2692624997486851e-11 1.3343389796997741e-11 1.3749756514625386e-11 1.3887943864964021e-11 1.3749756514625386e-11 1.3343389796997741e-11 1.2692624997486851e-11 1.1834525106040489e-11 1.0815941557285693e-11 9.689289652388818e-12 8.508120972628504e-12 7.32300758553066e-12 6.178163851580661e-12 5.109089028063325e-12 4.141347077407262e-12 3.2904394126290445e-12 2.5625967912045136e-12 1.9562338426589448e-12 1.463778514125909e-12 1.0736038957721622e-12 7.718393209755818e-13 5.439059766680729e-13 3.7569453072347756e-13 2.543665647376923e-13 1.6881043431448575e-13 1.0981272280576603e-13 7.00196834671948e-14 4.376246099143337e-14 2.6810038677818034e-14 1.609930969381555e-14 9.476133694170775e-15 5.467253537991947e-15 3.091870955554513e-15 1.713908431542013e-15 9.31253635792466e-16 4.959780510809293e-16 2.58923246932959e-16 1.32493246443938e-16 6.64554417291507e-17 3.26724323158422e-17 1.5745138861118057e-17 7.437476966254923e-18 3.4436490306397653e-18 1.5628821893349888e-18 6.952607484818381e-19 3.031679531828827e-19 1.2957851007869636e-19 5.428711754667078e-20 2.229331712088314e-20 8.973600175219288e-21 3.5405672445239965e-21 1.3692825997566993e-21 5.190718079378904e-22 
5.190718079378904e-22 1.3969439431470991e-21 3.685060534853254e-21 9.528496620133638e-21 2.4150062132629406e-20 5.999654353873483e-20 1.4609936214607722e-19 3.4872615319944465e-19 8.158960465173427e-19 1.8711096935856765e-18 4.206082424159017e-18 9.267666981929876e-18 2.0015994398888757e-17 4.2373860474966705e-17 8.792917614389275e-17 1.788471756566884e-16 3.565703921833929e-16 6.968231678385811e-16 1.334793228597603e-15 2.5062218871452745e-15 4.61252945341593e-15 8.320949699643716e-15 1.4713661190517423e-14 2.5502497662342712e-14 4.332701722902314e-14 7.215210029476081e-14 1.1777504361498558e-13 1.8843938588989806e-13 2.955317851174111e-13 4.543084601193941e-13 6.845600676351367e-13 1.0110820721561003e-12 1.463778514125909e-12 2.0772005877241373e-12 2.8893198139505023e-12 3.939371197099822e-12 5.264683953340025e-12 6.896548823221205e-12 8.85534397644396e-12 1.1145336016681316e-11 1.3749756514625386e-11 1.6626887533195942e-11 1.9707930455455287e-11 2.289734845645553e-11 2.6076150325085748e-11 2.910823476988217e-11 3.184948192925892e-11 3.4158829937838525e-11 3.5910190599673686e-11 3.7003818718568756e-11 3.737571327944256e-11 3.7003818718568756e-11 3.5910190599673686e-11 3.4158829937838525e-11 3.184948192925892e-11 2.910823476988217e-11 2.6076150325085748e-11 2.289734845645553e-11 1.9707930455455287e-11 1.6626887533195942e-11 1.3749756514625386e-11 1.1145336016681316e-11 8.85534397644396e-12 6.896548823221205e-12 5.264683953340025e-12 3.939371197099822e-12 2.8893198139505023e-12 2.0772005877241373e-12 1.463778514125909e-12 1.0110820721561003e-12 6.845600676351367e-13 4.543084601193941e-13 2.955317851174111e-13 1.8843938588989806e-13 1.1777504361498558e-13 7.215210029476081e-14 4.332701722902314e-14 2.5502497662342712e-14 1.4713661190517423e-14 8.320949699643716e-15 4.61252945341593e-15 2.5062218871452745e-15 1.334793228597603e-15 6.968231678385811e-16 3.565703921833929e-16 1.788471756566884e-16 8.792917614389275e-17 4.2373860474966705e-17 2.0015994398888757e-17 9.267666981929876e-18 4.206082424159017e-18 1.8711096935856765e-18 8.158960465173427e-19 3.4872615319944465e-19 1.4609936214607722e-19 5.999654353873483e-20 2.4150062132629406e-20 9.528496620133638e-21 3.685060534853254e-21 1.3969439431470991e-21 
1.3692825997566993e-21 3.685060534853254e-21 9.72098502030078e-21 2.513564486505627e-20 6.37065225958282e-20 1.5826754960840555e-19 3.8540200288841976e-19 9.199202236643615e-19 2.1522884553193797e-18 4.935883449038175e-18 1.1095411826397148e-17 2.444759076612131e-17 5.2801081523012666e-17 1.11779890461385e-16 2.3195228302435696e-16 4.717889160946995e-16 9.406128904299175e-16 1.8381808147493916e-15 3.5211104017624837e-15 6.611274141106978e-15 1.2167596515246377e-14 2.1950203156739794e-14 3.881382101433975e-14 6.727417240806935e-14 1.1429426503964337e-13 1.9033323320332987e-13 3.1068402375434455e-13 4.970926339323569e-13 7.795964351135185e-13 1.1984404852096756e-12 1.8058314375132171e-12 2.6671783501965065e-12 3.861366421060091e-12 5.4795397813540704e-12 7.62186519451289e-12 1.0391842422728834e-11 1.3887943864964021e-11 1.819271275688176e-11 2.3359905578335488e-11 2.9400777392844726e-11 3.627109401522479e-11 4.386080584449881e-11 5.1988425950305175e-11 6.040193349460815e-11 6.87874362713461e-11 7.678590663279075e-11 8.401716438858898e-11 9.010909617254212e-11 9.472908832676101e-11 9.761401856359382e-11 9.859505575991516e-11 9.761401856359382e-11 9.472908832676101e-11 9.010909617254212e-11 8.401716438858898e-11 7.678590663279075e-11 6.87874362713461e-11 6.040193349460815e-11 5.1988425950305175e-11 4.386080584449881e-11 3.627109401522479e-11 2.9400777392844726e-11 2.3359905578335488e-11 1.819271275688176e-11 1.3887943864964021e-11 1.0391842422728834e-11 7.62186519451289e-12 5.4795397813540704e-12 3.861366421060091e-12 2.6671783501965065e-12 1.8058314375132171e-12 1.1984404852096756e-12 7.795964351135185e-13 4.970926339323569e-13 3.1068402375434455e-13 1.9033323320332987e-13 1.1429426503964337e-13 6.727417240806935e-14 3.881382101433975e-14 2.1950203156739794e-14 1.2167596515246377e-14 6.611274141106978e-15 3.5211104017624837e-15 1.8381808147493916e-15 9.406128904299175e-16 4.717889160946995e-16 2.3195228302435696e-16 1.11779890461385e-16 5.2801081523012666e-17 2.444759076612131e-17 1.1095411826397148e-17 4.935883449038175e-18 2.1522884553193797e-18 9.199202236643615e-19 3.8540200288841976e-19 1.5826754960840555e-19 6.37065225958282e-20 2.513564486505627e-20 9.72098502030078e-21 3.685060534853254e-21 
3.5405672445239965e-21 9.528496620133638e-21 2.513564486505627e-20 6.499347972070893e-20 1.6472657083745667e-19 4.0923393177870236e-19 9.965376815882564e-19 2.3786466081289395e-18 5.565193048553318e-18 1.276276151143526e-17 2.868951353360226e-17 6.321437159096094e-17 1.3652826651637672e-16 2.890303424832692e-16 5.997612587164444e-16 1.2199091575042126e-15 2.432151836461642e-15 4.753001888266587e-15 9.10456917735478e-15 1.7094835407045374e-14 3.146187184013037e-14 5.675685232632723e-14 1.003612719117346e-13 1.7395147741802437e-13 2.955317851174111e-13 4.921464795826652e-13 8.03338681216722e-13 1.2853372251336503e-12 2.0158100326412228e-12 3.0988191387218256e-12 4.669355791074143e-12 6.896548823221205e-12 9.984372453092965e-12 1.416849894125265e-11 1.9707930455455287e-11 2.6870287330538113e-11 3.5910190599673686e-11 4.704107310462775e-11 6.040193349460815e-11 7.602187409607351e-11 9.378651814911984e-11 1.1341130933749783e-10 1.344269751523306e-10 1.5618186287836208e-10 1.7786433840639268e-10 1.9854606047973162e-10 2.172439935079017e-10 2.329959603655625e-10 2.449419187046897e-10 2.524015106845207e-10 2.549381880391969e-10 2.524015106845207e-10 2.449419187046897e-10 2.329959603655625e-10 2.172439935079017e-10 1.9854606047973162e-10 1.7786433840639268e-10 1.5618186287836208e-10 1.344269751523306e-10 1.1341130933749783e-10 9.378651814911984e-11 7.602187409607351e-11 6.040193349460815e-11 4.704107310462775e-11 3.5910190599673686e-11 2.6870287330538113e-11 1.9707930455455287e-11 1.416849894125265e-11 9.984372453092965e-12 6.896548823221205e-12 4.669355791074143e-12 3.0988191387218256e-12 2.0158100326412228e-12 1.2853372251336503e-12 8.03338681216722e-13 4.921464795826652e-13 2.955317851174111e-13 1.7395147741802437e-13 1.003612719117346e-13 5.675685232632723e-14 3.146187184013037e-14 1.7094835407045374e-14 9.10456917735478e-15 4.753001888266587e-15 2.432151836461642e-15 1.2199091575042126e-15 5.997612587164444e-16 2.890303424832692e-16 1.3652826651637672e-16 6.321437159096094e-17 2.868951353360226e-17 1.276276151143526e-17 5.565193048553318e-18 2.3786466081289395e-18 9.965376815882564e-19 4.0923393177870236e-19 1.6472657083745667e-19 6.499347972070893e-20 2.513564486505627e-20 9.528496620133638e-21 
8.973600175219288e-21 2.4150062132629406e-20 6.37065225958282e-20 1.6472657083745667e-19 4.175010055850514e-19 1.0372071558857673e-18 2.5257338998274543e-18 6.028701658612377e-18 1.410503285677347e-17 3.2347336182480585e-17 7.271383535230707e-17 1.6021740495463583e-16 3.4603214449001314e-16 7.325500556338773e-16 1.5201004145964644e-15 3.091870955554513e-15 6.16431115087215e-15 1.2046526907046657e-14 2.3075614138262324e-14 4.332701722902314e-14 7.974040292384712e-14 1.438507631137776e-13 2.543665647376923e-13 4.408816159761676e-13 7.49028021657866e-13 1.2473497692345828e-12 2.0360692602792052e-12 3.2576989934351024e-12 5.109089028063325e-12 7.853985546868321e-12 1.1834525106040489e-11 1.7479366286343755e-11 2.5305483615119005e-11 3.5910190599673686e-11 4.994993061120584e-11 6.81029898444776e-11 9.101470764487935e-11 1.192260315086714e-10 1.5308925478794762e-10 1.926781375962073e-10 2.3770279098576767e-10 2.874420043615457e-10 3.407064022429891e-10 3.9584436484266193e-10 4.5079879806193e-10 5.032168124657493e-10 5.506068953281303e-10 5.905303998944039e-10 6.208075409403624e-10 6.397139452745285e-10 6.461431773106108e-10 6.397139452745285e-10 6.208075409403624e-10 5.905303998944039e-10 5.506068953281303e-10 5.032168124657493e-10 4.5079879806193e-10 3.9584436484266193e-10 3.407064022429891e-10 2.874420043615457e-10 2.3770279098576767e-10 1.926781375962073e-10 1.5308925478794762e-10 1.192260315086714e-10 9.101470764487935e-11 6.81029898444776e-11 4.994993061120584e-11 3.5910190599673686e-11 2.5305483615119005e-11 1.7479366286343755e-11 1.1834525106040489e-11 7.853985546868321e-12 5.109089028063325e-12 3.2576989934351024e-12 2.0360692602792052e-12 1.2473497692345828e-12 7.49028021657866e-13 4.408816159761676e-13 2.543665647376923e-13 1.438507631137776e-13 7.974040292384712e-14 4.332701722902314e-14 2.3075614138262324e-14 1.2046526907046657e-14 6.16431115087215e-15 3.091870955554513e-15 1.5201004145964644e-15 7.325500556338773e-16 3.4603214449001314e-16 1.6021740495463583e-16 7.271383535230707e-17 3.2347336182480585e-17 1.410503285677347e-17 6.028701658612377e-18 2.5257338998274543e-18 1.0372071558857673e-18 4.175010055850514e-19 1.6472657083745667e-19 6.37065225958282e-20 2.4150062132629406e-20 
2.229331712088314e-20 5.999654353873483e-20 1.5826754960840555e-19 4.0923393177870236e-19 1.0372071558857673e-18 2.576757109154981e-18 6.2747376406752776e-18 1.4977239377545093e-17 3.504145096021542e-17 8.036121617311022e-17 1.8064461965456932e-16 3.9803170936924064e-16 8.596554538320136e-16 1.819890610043549e-15 3.776419712989586e-15 7.681204685202095e-15 1.5314137094906978e-14 2.99274582442024e-14 5.732726817537835e-14 1.0763828520641439e-13 1.9810087980489796e-13 3.5737169224815913e-13 6.319285885175368e-13 1.0952921331247048e-12 1.8608271923412872e-12 3.0988191387218256e-12 5.058252742843785e-12 8.093175016375861e-12 1.2692624997486851e-11 1.951183327096364e-11 2.9400777392844726e-11 4.3424383534450674e-11 6.286698316324042e-11 8.921249568491297e-11 1.2409173815842671e-10 1.6918979226151304e-10 2.2610988907160514e-10 2.9619591664304056e-10 3.803230852887877e-10 4.786746389208781e-10 5.905303998944039e-10 7.140986484766847e-10 8.464245923607291e-10 9.834050752920257e-10 1.1199296120480444e-09 1.2501528663867426e-09 1.3678851171007296e-09 1.4670679791064146e-09 1.5422861628533596e-09 1.5892557691660126e-09 1.6052280551856116e-09 1.5892557691660126e-09 1.5422861628533596e-09 1.4670679791064146e-09 1.3678851171007296e-09 1.2501528663867426e-09 1.1199296120480444e-09 9.834050752920257e-10 8.464245923607291e-10 7.140986484766847e-10 5.905303998944039e-10 4.786746389208781e-10 3.803230852887877e-10 2.9619591664304056e-10 2.2610988907160514e-10 1.6918979226151304e-10 1.2409173815842671e-10 8.921249568491297e-11 6.286698316324042e-11 4.3424383534450674e-11 2.9400777392844726e-11 1.951183327096364e-11 1.2692624997486851e-11 8.093175016375861e-12 5.058252742843785e-12 3.0988191387218256e-12 1.8608271923412872e-12 1.0952921331247048e-12 6.319285885175368e-13 3.5737169224815913e-13 1.9810087980489796e-13 1.0763828520641439e-13 5.732726817537835e-14 2.99274582442024e-14 1.5314137094906978e-14 7.681204685202095e-15 3.776419712989586e-15 1.819890610043549e-15 8.596554538320136e-16 3.9803170936924064e-16 1.8064461965456932e-16 8.036121617311022e-17 3.504145096021542e-17 1.4977239377545093e-17 6.2747376406752776e-18 2.576757109154981e-18 1.0372071558857673e-18 4.0923393177870236e-19 1.5826754960840555e-19 5.999654353873483e-20 
5.428711754667078e-20 1.4609936214607722e-19 3.8540200288841976e-19 9.965376815882564e-19 2.5257338998274543e-18 6.2747376406752776e-18 1.5279799682873048e-17 3.6471519702726385e-17 8.533047625744066e-17 1.9568998031685625e-16 4.3989306966682363e-16 9.692588176386322e-16 2.093372485519391e-15 4.431669586621067e-15 9.196071618816543e-15 1.8704729286562337e-14 3.7291909323726044e-14 7.287724095819692e-14 1.3959933056130979e-13 2.6211317992013606e-13 4.824013263595188e-13 8.702464043251326e-13 1.5388280433968128e-12 2.6671783501965065e-12 4.531355471996758e-12 7.546026368686072e-12 1.2317501237817245e-11 1.9707930455455287e-11 3.0908187484083317e-11 4.751384374914789e-11 7.159470480028924e-11 1.0574400393372471e-10 1.5308925478794762e-10 2.172439935079017e-10 3.0217947106968314e-10 4.119990798315848e-10 5.506068953281303e-10 7.212754592084525e-10 9.261360220567754e-10 1.1656348065567051e-09 1.4380180867709308e-09 1.7389227928515948e-09 2.061153622438558e-09 2.394718858072556e-09 2.7271738056557604e-09 3.0442843135833875e-09 3.3309776082101105e-09 3.5725007363799464e-09 3.7556667659383025e-09 3.870043846979656e-09 3.908938434264864e-09 3.870043846979656e-09 3.7556667659383025e-09 3.5725007363799464e-09 3.3309776082101105e-09 3.0442843135833875e-09 2.7271738056557604e-09 2.394718858072556e-09 2.061153622438558e-09 1.7389227928515948e-09 1.4380180867709308e-09 1.1656348065567051e-09 9.261360220567754e-10 7.212754592084525e-10 5.506068953281303e-10 4.119990798315848e-10 3.0217947106968314e-10 2.172439935079017e-10 1.5308925478794762e-10 1.0574400393372471e-10 7.159470480028924e-11 4.751384374914789e-11 3.0908187484083317e-11 1.9707930455455287e-11 1.2317501237817245e-11 7.546026368686072e-12 4.531355471996758e-12 2.6671783501965065e-12 1.5388280433968128e-12 8.702464043251326e-13 4.824013263595188e-13 2.6211317992013606e-13 1.3959933056130979e-13 7.287724095819692e-14 3.7291909323726044e-14 1.8704729286562337e-14 9.196071618816543e-15 4.431669586621067e-15 2.093372485519391e-15 9.692588176386322e-16 4.3989306966682363e-16 1.9568998031685625e-16 8.533047625744066e-17 3.6471519702726385e-17 1.5279799682873048e-17 6.2747376406752776e-18 2.5257338998274543e-18 9.965376815882564e-19 3.8540200288841976e-19 1.4609936214607722e-19 
1.2957851007869636e-19 3.4872615319944465e-19 9.199202236643615e-19 2.3786466081289395e-18 6.028701658612377e-18 1.4977239377545093e-17 3.6471519702726385e-17 8.705426622296251e-17 2.0367623991528018e-16 4.670945379442584e-16 1.0499855423778494e-15 2.3135343916957527e-15 4.996693506155314e-15 1.0578000235539243e-14 2.1950203156739794e-14 4.464652134632909e-14 8.901246311344496e-14 1.7395147741802437e-13 3.3321115726151397e-13 6.256407940031327e-13 1.1514489616420434e-12 2.0772005877241373e-12 3.673045358491383e-12 6.366316952369e-12 1.0815941557285693e-11 1.801169224039719e-11 2.9400777392844726e-11 4.704107310462775e-11 7.377508816852175e-11 1.1341130933749783e-10 1.708901779426772e-10 2.524015106845207e-10 3.6541040381129584e-10 5.185420459669686e-10 7.212754592084525e-10 9.834050752920257e-10 1.314249574484021e-09 1.7216202219653638e-09 2.2106041228871184e-09 2.782266371015873e-09 3.4324209788777536e-09 4.1506536876982236e-09 4.919789952179477e-09 5.715980433472652e-09 6.5095207561668245e-09 7.266435269305897e-09 7.950746605883056e-09 8.527240781888774e-09 8.96444176583853e-09 9.237449661970594e-09 9.330287574505005e-09 9.237449661970594e-09 8.96444176583853e-09 8.527240781888774e-09 7.950746605883056e-09 7.266435269305897e-09 6.5095207561668245e-09 5.715980433472652e-09 4.919789952179477e-09 4.1506536876982236e-09 3.4324209788777536e-09 2.782266371015873e-09 2.2106041228871184e-09 1.7216202219653638e-09 1.314249574484021e-09 9.834050752920257e-10 7.212754592084525e-10 5.185420459669686e-10 3.6541040381129584e-10 2.524015106845207e-10 1.708901779426772e-10 1.1341130933749783e-10 7.377508816852175e-11 4.704107310462775e-11 2.9400777392844726e-11 1.801169224039719e-11 1.0815941557285693e-11 6.366316952369e-12 3.673045358491383e-12 2.0772005877241373e-12 1.1514489616420434e-12 6.256407940031327e-13 3.3321115726151397e-13 1.7395147741802437e-13 8.901246311344496e-14 4.464652134632909e-14 2.1950203156739794e-14 1.0578000235539243e-14 4.996693506155314e-15 2.3135343916957527e-15 1.0499855423778494e-15 4.670945379442584e-16 2.0367623991528018e-16 8.705426622296251e-17 3.6471519702726385e-17 1.4977239377545093e-17 6.028701658612377e-18 2.3786466081289395e-18 9.199202236643615e-19 3.4872615319944465e-19 
3.031679531828827e-19 8.158960465173427e-19 2.1522884553193797e-18 5.565193048553318e-18 1.410503285677347e-17 3.504145096021542e-17 8.533047625744066e-17 2.0367623991528018e-16 4.765304735299088e-16 1.0928362652531032e-15 2.456595368792143e-15 5.412853456353488e-15 1.1690498231715339e-14 2.4748784950751814e-14 5.1355723714802096e-14 1.044570931173852e-13 2.0825772910555018e-13 4.0698502652895493e-13 7.795964351135185e-13 1.463778514125909e-12 2.693983938259252e-12 4.859915815887585e-12 8.593629009975718e-12 1.489493341597322e-11 2.5305483615119005e-11 4.214099904810499e-11 6.87874362713461e-11 1.1005949860046287e-10 1.7260765278404397e-10 2.6534241286428096e-10 3.9982266684865623e-10 5.905303998944039e-10 8.549313009381047e-10 1.2132052654378779e-09 1.6875298575085319e-09 2.300820588575025e-09 3.074879879586606e-09 4.027983332533395e-09 5.17203297696747e-09 6.5095207561668245e-09 8.030652937716047e-09 9.711063833858167e-09 1.1510571073753813e-08 1.3373375626844869e-08 1.522997974471263e-08 1.7000892402555495e-08 1.860193926691551e-08 1.995073205096095e-08 2.097362795671802e-08 2.1612370021454343e-08 2.182957795125478e-08 2.1612370021454343e-08 2.097362795671802e-08 1.995073205096095e-08 1.860193926691551e-08 1.7000892402555495e-08 1.522997974471263e-08 1.3373375626844869e-08 1.1510571073753813e-08 9.711063833858167e-09 8.030652937716047e-09 6.5095207561668245e-09 5.17203297696747e-09 4.027983332533395e-09 3.074879879586606e-09 2.300820588575025e-09 1.6875298575085319e-09 1.2132052654378779e-09 8.549313009381047e-10 5.905303998944039e-10 3.9982266684865623e-10 2.6534241286428096e-10 1.7260765278404397e-10 1.1005949860046287e-10 6.87874362713461e-11 4.214099904810499e-11 2.5305483615119005e-11 1.489493341597322e-11 8.593629009975718e-12 4.859915815887585e-12 2.693983938259252e-12 1.463778514125909e-12 7.795964351135185e-13 4.0698502652895493e-13 2.0825772910555018e-13 1.044570931173852e-13 5.1355723714802096e-14 2.4748784950751814e-14 1.1690498231715339e-14 5.412853456353488e-15 2.456595368792143e-15 1.0928362652531032e-15 4.765304735299088e-16 2.0367623991528018e-16 8.533047625744066e-17 3.504145096021542e-17 1.410503285677347e-17 5.565193048553318e-18 2.1522884553193797e-18 8.158960465173427e-19 
6.952607484818381e-19 1.8711096935856765e-18 4.935883449038175e-18 1.276276151143526e-17 3.2347336182480585e-17 8.036121617311022e-17 1.9568998031685625e-16 4.670945379442584e-16 1.0928362652531032e-15 2.5062218871452745e-15 5.633756196497214e-15 1.2413398269759189e-14 2.6810038677818034e-14 5.675685232632723e-14 1.1777504361498558e-13 2.3955340919962067e-13 4.77601352962619e-13 9.333463883457698e-13 1.787863114488979e-12 3.3569106980410013e-12 6.178163851580661e-12 1.1145336016681316e-11 1.9707930455455287e-11 3.4158829937838525e-11 5.803353980600054e-11 9.664274285047445e-11 1.5775151669580595e-10 2.524015106845207e-10 3.9584436484266193e-10 6.085147280085727e-10 9.169208146664281e-10 1.3542744327735364e-09 1.9606299740797898e-09 2.782266371015873e-09 3.870043846979656e-09 5.2765149737647815e-09 7.051679651917251e-09 9.237449661970594e-09 1.186112015134383e-08 1.492840594025608e-08 1.841684687862186e-08 2.227056467808864e-08 2.6397408354582483e-08 3.066941294563555e-08 3.492719796239333e-08 3.898846514799556e-08 4.2660175926073594e-08 4.5753387694458114e-08 4.809921404447013e-08 4.956405319172498e-08 5.006218020767049e-08 4.956405319172498e-08 4.809921404447013e-08 4.5753387694458114e-08 4.2660175926073594e-08 3.898846514799556e-08 3.492719796239333e-08 3.066941294563555e-08 2.6397408354582483e-08 2.227056467808864e-08 1.841684687862186e-08 1.492840594025608e-08 1.186112015134383e-08 9.237449661970594e-09 7.051679651917251e-09 5.2765149737647815e-09 3.870043846979656e-09 2.782266371015873e-09 1.9606299740797898e-09 1.3542744327735364e-09 9.169208146664281e-10 6.085147280085727e-10 3.9584436484266193e-10 2.524015106845207e-10 1.5775151669580595e-10 9.664274285047445e-11 5.803353980600054e-11 3.4158829937838525e-11 1.9707930455455287e-11 1.1145336016681316e-11 6.178163851580661e-12 3.3569106980410013e-12 1.787863114488979e-12 9.333463883457698e-13 4.77601352962619e-13 2.3955340919962067e-13 1.1777504361498558e-13 5.675685232632723e-14 2.6810038677818034e-14 1.2413398269759189e-14 5.633756196497214e-15 2.5062218871452745e-15 1.0928362652531032e-15 4.670945379442584e-16 1.9568998031685625e-16 8.036121617311022e-17 3.2347336182480585e-17 1.276276151143526e-17 4.935883449038175e-18 1.8711096935856765e-18 
1.5628821893349888e-18 4.206082424159017e-18 1.1095411826397148e-17 2.868951353360226e-17 7.271383535230707e-17 1.8064461965456932e-16 4.3989306966682363e-16 1.0499855423778494e-15 2.456595368792143e-15 5.633756196497214e-15 1.2664165549094176e-14 2.7904177112387636e-14 6.026650006697219e-14 1.2758418164296788e-13 2.647474611732955e-13 5.384940217754036e-13 1.0736038957721622e-12 2.0980768006980924e-12 4.018951774144056e-12 7.546026368686072e-12 1.3887943864964021e-11 2.5053689846090828e-11 4.4301614271682353e-11 7.678590663279075e-11 1.3045405762501538e-10 2.172439935079017e-10 3.546108942908284e-10 5.67375371716942e-10 8.898217092106936e-10 1.3678851171007296e-09 2.061153622438558e-09 3.0442843135833875e-09 4.407315777651253e-09 6.254278796467935e-09 8.699502472413724e-09 1.186112015134383e-08 1.585152700902873e-08 2.0764936871665546e-08 2.6662706719135e-08 3.355768294145008e-08 4.139937718785167e-08 5.006218020767049e-08 5.93389450678261e-08 6.894201830717308e-08 7.851312725189432e-08 8.764248219443636e-08 9.589615017724404e-08 1.0284940561587726e-07 1.0812260740342576e-07 1.114154310217359e-07 1.1253517471925912e-07 1.114154310217359e-07 1.0812260740342576e-07 1.0284940561587726e-07 9.589615017724404e-08 8.764248219443636e-08 7.851312725189432e-08 6.894201830717308e-08 5.93389450678261e-08 5.006218020767049e-08 4.139937718785167e-08 3.355768294145008e-08 2.6662706719135e-08 2.0764936871665546e-08 1.585152700902873e-08 1.186112015134383e-08 8.699502472413724e-09 6.254278796467935e-09 4.407315777651253e-09 3.0442843135833875e-09 2.061153622438558e-09 1.3678851171007296e-09 8.898217092106936e-10 5.67375371716942e-10 3.546108942908284e-10 2.172439935079017e-10 1.3045405762501538e-10 7.678590663279075e-11 4.4301614271682353e-11 2.5053689846090828e-11 1.3887943864964021e-11 7.546026368686072e-12 4.018951774144056e-12 2.0980768006980924e-12 1.0736038957721622e-12 5.384940217754036e-13 2.647474611732955e-13 1.2758418164296788e-13 6.026650006697219e-14 2.7904177112387636e-14 1.2664165549094176e-14 5.633756196497214e-15 2.456595368792143e-15 1.0499855423778494e-15 4.3989306966682363e-16 1.8064461965456932e-16 7.271383535230707e-17 2.868951353360226e-17 1.1095411826397148e-17 4.206082424159017e-18 
3.4436490306397653e-18 9.267666981929876e-18 2.444759076612131e-17 6.321437159096094e-17 1.6021740495463583e-16 3.9803170936924064e-16 9.692588176386322e-16 2.3135343916957527e-15 5.412853456353488e-15 1.2413398269759189e-14 2.7904177112387636e-14 6.148396412704756e-14 1.3279099087052004e-13 2.8111852987890444e-13 5.833436098095712e-13 1.1865158031401098e-12 2.365574987158831e-12 4.622894924668662e-12 8.85534397644396e-12 1.6626887533195942e-11 3.060064588010476e-11 5.520321067140113e-11 9.761401856359382e-11 1.6918979226151304e-10 2.874420043615457e-10 4.786746389208781e-10 7.813483771918352e-10 1.2501528663867426e-09 1.9606299740797898e-09 3.0139931785484283e-09 4.541538525645593e-09 6.707765177056637e-09 9.711063833858167e-09 1.3780655548945718e-08 1.9168452657921068e-08 2.6134749752863247e-08 3.492719796239333e-08 4.5753387694458114e-08 5.874851269925236e-08 7.394087866662085e-08 9.121923974493383e-08 1.1030682896016174e-07 1.3074721950024548e-07 1.519065967568964e-07 1.729955440010014e-07 1.9311113205542048e-07 2.1129723459224233e-07 2.26618012776571e-07 2.382369667501818e-07 2.454923625430579e-07 2.479596018045028e-07 2.454923625430579e-07 2.382369667501818e-07 2.26618012776571e-07 2.1129723459224233e-07 1.9311113205542048e-07 1.729955440010014e-07 1.519065967568964e-07 1.3074721950024548e-07 1.1030682896016174e-07 9.121923974493383e-08 7.394087866662085e-08 5.874851269925236e-08 4.5753387694458114e-08 3.492719796239333e-08 2.6134749752863247e-08 1.9168452657921068e-08 1.3780655548945718e-08 9.711063833858167e-09 6.707765177056637e-09 4.541538525645593e-09 3.0139931785484283e-09 1.9606299740797898e-09 1.2501528663867426e-09 7.813483771918352e-10 4.786746389208781e-10 2.874420043615457e-10 1.6918979226151304e-10 9.761401856359382e-11 5.520321067140113e-11 3.060064588010476e-11 1.6626887533195942e-11 8.85534397644396e-12 4.622894924668662e-12 2.365574987158831e-12 1.1865158031401098e-12 5.833436098095712e-13 2.8111852987890444e-13 1.3279099087052004e-13 6.148396412704756e-14 2.7904177112387636e-14 1.2413398269759189e-14 5.412853456353488e-15 2.3135343916957527e-15 9.692588176386322e-16 3.9803170936924064e-16 1.6021740495463583e-16 6.321437159096094e-17 2.444759076612131e-17 9.267666981929876e-18 
7.437476966254923e-18 2.0015994398888757e-17 5.2801081523012666e-17 1.3652826651637672e-16 3.4603214449001314e-16 8.596554538320136e-16 2.093372485519391e-15 4.996693506155314e-15 1.1690498231715339e-14 2.6810038677818034e-14 6.026650006697219e-14 1.3279099087052004e-13 2.867975008888098e-13 6.071503141460839e-13 1.2598858428277908e-12 2.5625967912045136e-12 5.109089028063325e-12 9.984372453092965e-12 1.912547308598118e-11 3.5910190599673686e-11 6.609024231587262e-11 1.192260315086714e-10 2.1082346318998407e-10 3.6541040381129584e-10 6.208075409403624e-10 1.0338253316839913e-09 1.6875298575085319e-09 2.7000379728945676e-09 4.234502454176721e-09 6.5095207561668245e-09 9.808661647953444e-09 1.4487204867720514e-08 2.097362795671802e-08 2.9762994809646886e-08 4.139937718785167e-08 5.644495056734766e-08 7.543458349844258e-08 9.881662273882859e-08 1.2688305518789952e-07 1.5969501451937286e-07 1.9701223569702404e-07 2.382369667501818e-07 2.823834324528391e-07 3.280827414028577e-07 3.73629937988526e-07 4.170749062435001e-07 4.563526367903994e-07 4.894419364946374e-07 5.145361611911212e-07 5.302061201824291e-07 5.355347802793109e-07 5.302061201824291e-07 5.145361611911212e-07 4.894419364946374e-07 4.563526367903994e-07 4.170749062435001e-07 3.73629937988526e-07 3.280827414028577e-07 2.823834324528391e-07 2.382369667501818e-07 1.9701223569702404e-07 1.5969501451937286e-07 1.2688305518789952e-07 9.881662273882859e-08 7.543458349844258e-08 5.644495056734766e-08 4.139937718785167e-08 2.9762994809646886e-08 2.097362795671802e-08 1.4487204867720514e-08 9.808661647953444e-09 6.5095207561668245e-09 4.234502454176721e-09 2.7000379728945676e-09 1.6875298575085319e-09 1.0338253316839913e-09 6.208075409403624e-10 3.6541040381129584e-10 2.1082346318998407e-10 1.192260315086714e-10 6.609024231587262e-11 3.5910190599673686e-11 1.912547308598118e-11 9.984372453092965e-12 5.109089028063325e-12 2.5625967912045136e-12 1.2598858428277908e-12 6.071503141460839e-13 2.867975008888098e-13 1.3279099087052004e-13 6.026650006697219e-14 2.6810038677818034e-14 1.1690498231715339e-14 4.996693506155314e-15 2.093372485519391e-15 8.596554538320136e-16 3.4603214449001314e-16 1.3652826651637672e-16 5.2801081523012666e-17 2.0015994398888757e-17 
1.5745138861118057e-17 4.2373860474966705e-17 1.11779890461385e-16 2.890303424832692e-16 7.325500556338773e-16 1.819890610043549e-15 4.431669586621067e-15 1.0578000235539243e-14 2.4748784950751814e-14 5.675685232632723e-14 1.2758418164296788e-13 2.8111852987890444e-13 6.071503141460839e-13 1.2853372251336503e-12 2.6671783501965065e-12 5.425017449551542e-12 1.0815941557285693e-11 2.113691664906494e-11 4.048862684074742e-11 7.602187409607351e-11 1.3991304408063802e-10 2.524015106845207e-10 4.4631327507553787e-10 7.735738309389575e-10 1.314249574484021e-09 2.1886082443496134e-09 3.5725007363799464e-09 5.715980433472652e-09 8.96444176583853e-09 1.3780655548945718e-08 2.0764936871665546e-08 3.066941294563555e-08 4.44011707328001e-08 6.300826050646541e-08 8.764248219443636e-08 1.1949396128877681e-07 1.5969501451937286e-07 2.0919479197970816e-07 2.6861142994065017e-07 3.3807434839047367e-07 4.170749062435001e-07 5.04347662567888e-07 5.978057311938044e-07 6.945511690001816e-07 7.909745849287022e-07 8.829475834462194e-07 9.660985396665133e-07 1.0361485876900871e-06 1.0892730617894255e-06 1.1224463652343442e-06 1.1337271387479661e-06 1.1224463652343442e-06 1.0892730617894255e-06 1.0361485876900871e-06 9.660985396665133e-07 8.829475834462194e-07 7.909745849287022e-07 6.945511690001816e-07 5.978057311938044e-07 5.04347662567888e-07 4.170749062435001e-07 3.3807434839047367e-07 2.6861142994065017e-07 2.0919479197970816e-07 1.5969501451937286e-07 1.1949396128877681e-07 8.764248219443636e-08 6.300826050646541e-08 4.44011707328001e-08 3.066941294563555e-08 2.0764936871665546e-08 1.3780655548945718e-08 8.96444176583853e-09 5.715980433472652e-09 3.5725007363799464e-09 2.1886082443496134e-09 1.314249574484021e-09 7.735738309389575e-10 4.4631327507553787e-10 2.524015106845207e-10 1.3991304408063802e-10 7.602187409607351e-11 4.048862684074742e-11 2.113691664906494e-11 1.0815941557285693e-11 5.425017449551542e-12 2.6671783501965065e-12 1.2853372251336503e-12 6.071503141460839e-13 2.8111852987890444e-13 1.2758418164296788e-13 5.675685232632723e-14 2.4748784950751814e-14 1.0578000235539243e-14 4.431669586621067e-15 1.819890610043549e-15 7.325500556338773e-16 2.890303424832692e-16 1.11779890461385e-16 4.2373860474966705e-17 
3.26724323158422e-17 8.792917614389275e-17 2.3195228302435696e-16 5.997612587164444e-16 1.5201004145964644e-15 3.776419712989586e-15 9.196071618816543e-15 2.1950203156739794e-14 5.1355723714802096e-14 1.1777504361498558e-13 2.647474611732955e-13 5.833436098095712e-13 1.2598858428277908e-12 2.6671783501965065e-12 5.5346100717010135e-12 1.1257348505858138e-11 2.24439505792602e-11 4.386080584449881e-11 8.401716438858898e-11 1.5775151669580595e-10 2.903308445323868e-10 5.237534801691019e-10 9.261360220567754e-10 1.6052280551856116e-09 2.7271738056557604e-09 4.541538525645593e-09 7.413226998963554e-09 1.186112015134383e-08 1.860193926691551e-08 2.8595971090654063e-08 4.308891782197055e-08 6.364150405223805e-08 9.213600834566135e-08 1.3074721950024548e-07 1.8186521521009957e-07 2.479596018045028e-07 3.3138002777138823e-07 4.3409605606351465e-07 5.573903692694596e-07 7.015315242971374e-07 8.654640498933887e-07 1.046562054120397e-06 1.2404950799567134e-06 1.4412496618296697e-06 1.641336022348639e-06 1.8321874080019766e-06 2.004732344764272e-06 2.150091840984627e-06 2.2603294069810542e-06 2.32916668565209e-06 2.352575200009771e-06 2.32916668565209e-06 2.2603294069810542e-06 2.150091840984627e-06 2.004732344764272e-06 1.8321874080019766e-06 1.641336022348639e-06 1.4412496618296697e-06 1.2404950799567134e-06 1.046562054120397e-06 8.654640498933887e-07 7.015315242971374e-07 5.573903692694596e-07 4.3409605606351465e-07 3.3138002777138823e-07 2.479596018045028e-07 1.8186521521009957e-07 1.3074721950024548e-07 9.213600834566135e-08 6.364150405223805e-08 4.308891782197055e-08 2.8595971090654063e-08 1.860193926691551e-08 1.186112015134383e-08 7.413226998963554e-09 4.541538525645593e-09 2.7271738056557604e-09 1.6052280551856116e-09 9.261360220567754e-10 5.237534801691019e-10 2.903308445323868e-10 1.5775151669580595e-10 8.401716438858898e-11 4.386080584449881e-11 2.24439505792602e-11 1.1257348505858138e-11 5.5346100717010135e-12 2.6671783501965065e-12 1.2598858428277908e-12 5.833436098095712e-13 2.647474611732955e-13 1.1777504361498558e-13 5.1355723714802096e-14 2.1950203156739794e-14 9.196071618816543e-15 3.776419712989586e-15 1.5201004145964644e-15 5.997612587164444e-16 2.3195228302435696e-16 8.792917614389275e-17 
6.64554417291507e-17 1.788471756566884e-16 4.717889160946995e-16 1.2199091575042126e-15 3.091870955554513e-15 7.681204685202095e-15 1.8704729286562337e-14 4.464652134632909e-14 1.044570931173852e-13 2.3955340919962067e-13 5.384940217754036e-13 1.1865158031401098e-12 2.5625967912045136e-12 5.425017449551542e-12 1.1257348505858138e-11 2.289734845645553e-11 4.5650799287714964e-11 8.921249568491297e-11 1.708901779426772e-10 3.208652059975365e-10 5.905303998944039e-10 1.0653100003497685e-09 1.883752573181357e-09 3.2650198323820608e-09 5.5470476815141944e-09 9.237449661970594e-09 1.5078438914255912e-08 2.4125414705592195e-08 3.7836181862783926e-08 5.81639552309056e-08 8.764248219443636e-08 1.2944626292938406e-07 1.8740383558167906e-07 2.659387015558671e-07 3.6991225798925226e-07 5.04347662567888e-07 6.740240797771206e-07 8.829475834462194e-07 1.1337271387479661e-06 1.426908988085507e-06 1.7603463121561693e-06 2.128698069712273e-06 2.5231561490262545e-06 2.9314892136891307e-06 3.338463121959162e-06 3.726653172078671e-06 4.07760806517693e-06 4.373268009850434e-06 4.597490255461662e-06 4.737504678547579e-06 4.785117392129009e-06 4.737504678547579e-06 4.597490255461662e-06 4.373268009850434e-06 4.07760806517693e-06 3.726653172078671e-06 3.338463121959162e-06 2.9314892136891307e-06 2.5231561490262545e-06 2.128698069712273e-06 1.7603463121561693e-06 1.426908988085507e-06 1.1337271387479661e-06 8.829475834462194e-07 6.740240797771206e-07 5.04347662567888e-07 3.6991225798925226e-07 2.659387015558671e-07 1.8740383558167906e-07 1.2944626292938406e-07 8.764248219443636e-08 5.81639552309056e-08 3.7836181862783926e-08 2.4125414705592195e-08 1.5078438914255912e-08 9.237449661970594e-09 5.5470476815141944e-09 3.2650198323820608e-09 1.883752573181357e-09 1.0653100003497685e-09 5.905303998944039e-10 3.208652059975365e-10 1.708901779426772e-10 8.921249568491297e-11 4.5650799287714964e-11 2.289734845645553e-11 1.1257348505858138e-11 5.425017449551542e-12 2.5625967912045136e-12 1.1865158031401098e-12 5.384940217754036e-13 2.3955340919962067e-13 1.044570931173852e-13 4.464652134632909e-14 1.8704729286562337e-14 7.681204685202095e-15 3.091870955554513e-15 1.2199091575042126e-15 4.717889160946995e-16 1.788471756566884e-16 
1.32493246443938e-16 3.565703921833929e-16 9.406128904299175e-16 2.432151836461642e-15 6.16431115087215e-15 1.5314137094906978e-14 3.7291909323726044e-14 8.901246311344496e-14 2.0825772910555018e-13 4.77601352962619e-13 1.0736038957721622e-12 2.365574987158831e-12 5.109089028063325e-12 1.0815941557285693e-11 2.24439505792602e-11 4.5650799287714964e-11 9.101470764487935e-11 1.7786433840639268e-10 3.407064022429891e-10 6.397139452745285e-10 1.1773496311217238e-09 2.1239250954165296e-09 3.7556667659383025e-09 6.5095207561668245e-09 1.105923512627489e-08 1.841684687862186e-08 3.0062117880409006e-08 4.809921404447013e-08 7.543458349844258e-08 1.1596238101871167e-07 1.7473417812302795e-07 2.580790251225811e-07 3.73629937988526e-07 5.302061201824291e-07 7.374998146901956e-07 1.0055257690164387e-06 1.3438122776315214e-06 1.7603463121561693e-06 2.2603294069810542e-06 2.844850614070247e-06 3.509629786432929e-06 4.24401840716993e-06 5.030455607111448e-06 5.8445555808665665e-06 6.6559457834091735e-06 7.429886316182848e-06 8.12959053802051e-06 8.719052362273868e-06 9.166087736247617e-06 9.44523666643208e-06 9.54016287307923e-06 9.44523666643208e-06 9.166087736247617e-06 8.719052362273868e-06 8.12959053802051e-06 7.429886316182848e-06 6.6559457834091735e-06 5.8445555808665665e-06 5.030455607111448e-06 4.24401840716993e-06 3.509629786432929e-06 2.844850614070247e-06 2.2603294069810542e-06 1.7603463121561693e-06 1.3438122776315214e-06 1.0055257690164387e-06 7.374998146901956e-07 5.302061201824291e-07 3.73629937988526e-07 2.580790251225811e-07 1.7473417812302795e-07 1.1596238101871167e-07 7.543458349844258e-08 4.809921404447013e-08 3.0062117880409006e-08 1.841684687862186e-08 1.105923512627489e-08 6.5095207561668245e-09 3.7556667659383025e-09 2.1239250954165296e-09 1.1773496311217238e-09 6.397139452745285e-10 3.407064022429891e-10 1.7786433840639268e-10 9.101470764487935e-11 4.5650799287714964e-11 2.24439505792602e-11 1.0815941557285693e-11 5.109089028063325e-12 2.365574987158831e-12 1.0736038957721622e-12 4.77601352962619e-13 2.0825772910555018e-13 8.901246311344496e-14 3.7291909323726044e-14 1.5314137094906978e-14 6.16431115087215e-15 2.432151836461642e-15 9.406128904299175e-16 3.565703921833929e-16 
